100
359
359
359
736
9099
90
645
9915
39
495
9506
97
671
9683
3
34
9942
9
377
9369
1
3147
3838
5611
485
9505
84
151
9375
88
4589
8160
85
52
9043
37
598
9473
9
51
9696
41
183
346
55
188
9222
56
5144
8696
8817
13
9908
6
510
9687
45
1265
9446
3321
1835
4248
9662
678
9932
87
1712
4699
3528
2770
7383
71
3739
6637
42
388
9227
6
4095
4450
7378
516
9893
25
5021
8814
6741
3045
4439
8354
7
9907
4
2
9897
8
7655
8095
44
571
9337
9
958
9590
56
7452
8472
6465
4437
8274
1645
7972
8536
2019
3650
4379
73
902
9419
52
761
9529
15
431
2161
72
596
9255
20
602
9964
4810
2
9981
5
289
9564
88
365
6357
9863
724
9137
86
182
9156
81
5049
6853
4364
7984
7998
6613
8631
9988
3
6456
9453
1506
28
9920
1
379
9497
35
5
9979
7
202
341
23
3944
4233
4
7590
9240
66
192
263
49
281
291
31
47
121
10
4587
9123
1367
600
9423
44
176
244
20
563
9925
44
8368
9422
8534
28
9927
10
3150
7630
8984
536
9419
7
3670
6281
6659
833
9633
11
748
9120
74
5979
5979
5979
107
107
107
5876
6561
3666
3073
5764
9725
6078
9328
6835
259
9235
34
195
9890
8
978
9860
14
390
9951
25
315
486
78
353
4992
32
20
9928
3
527
9282
51
982
9639
42
738
9393
93
4828
5009
410
319
9894
52
71
86
3
2816
9072
6610
3879
9059
1447
169
9531
67
2896
8657
8775
1365
8761
5599
456
9585
3
884
9475
37
944
6551
9560
13
9942
2
